0.7332933061 0.3198138948 1.0000000000
0.4286614360 0.6754623404 1.0000000000
0.9379439698 -0.3467868358 0.0000000000
0.7668597356 0.6418147286 0.0000000000
-0.8650718368 0.5016480012 0.0000000000
0.9976517906 0.0684901795 0.0000000000
-0.9906181906 0.1366587005 0.0000000000
0.4209171687 0.6803151748 1.0000000000
0.8533854210 0.5212804651 0.0000000000
-0.7519967101 -0.6591668590 0.0000000000
-0.6285802648 0.7777447208 0.0000000000
0.6920574695 0.4013184010 1.0000000000
0.2558891504 0.7579714656 1.0000000000
-0.8592846997 -0.5114976098 0.0000000000
-0.5831749019 -0.5476376847 1.0000000000
-0.7668597356 -0.6418147286 0.0000000000
0.0775609952 0.7962313056 1.0000000000
0.1138518706 0.7918571535 1.0000000000
-0.4360880035 -0.8999040244 0.0000000000
0.5575500549 0.5737054438 1.0000000000
0.9528060927 -0.3035795607 0.0000000000
-0.1423148383 -0.9898214419 0.0000000000
-0.7924945525 0.1093269604 1.0000000000
-0.4052648557 0.6897538668 1.0000000000
0.9983691039 0.0570888109 0.0000000000
-0.9934817353 0.1139914099 0.0000000000
0.9656789935 -0.2597384869 0.0000000000
-0.7438211887 0.2944996421 1.0000000000
-0.1985904666 -0.9800825611 0.0000000000
0.6015615598 -0.7988264454 0.0000000000
-0.0513852396 -0.9986789059 0.0000000000
-0.8870840860 0.4616078687 0.0000000000
-0.1047984833 0.7931060950 1.0000000000
-0.0171351213 -0.9998531830 0.0000000000
0.0171351213 0.9998531830 0.0000000000
-0.9989561243 -0.0456799918 0.0000000000
-0.7701190393 0.2166025514 1.0000000000
0.7594207280 -0.2515554767 1.0000000000
0.6969375687 0.7171318048 0.0000000000
0.9119899883 0.4102124586 0.0000000000
-0.7096672688 0.3692862950 1.0000000000
-0.7649695430 -0.2341401253 1.0000000000
-0.0171351213 0.9998531830 0.0000000000
-0.2320565853 -0.9727022881 0.0000000000
-0.4665236755 0.6498889599 1.0000000000
-0.7010453440 -0.3854029393 1.0000000000
-0.7564974731 -0.2602144754 1.0000000000
0.8350225067 -0.5502157879 0.0000000000
-0.0137080970 0.7998825464 1.0000000000
0.2320565853 0.9727022881 0.0000000000
-0.1767436478 -0.7802318136 1.0000000000
-0.7404083694 0.3029776338 1.0000000000
-0.9297764859 0.3681245527 0.0000000000
0.2431533262 0.9699878659 0.0000000000
0.9528060927 0.3035795607 0.0000000000
-0.7947853883 -0.0911931279 1.0000000000
-0.9968042780 -0.0798826099 0.0000000000
0.5261464609 0.8503939685 0.0000000000
0.7997911976 0.0182767670 1.0000000000
0.9685831611 -0.2486898872 0.0000000000
-0.3198614380 -0.9474643320 0.0000000000
0.4565333534 -0.8897062983 0.0000000000
-0.8350225067 -0.5502157879 0.0000000000
-0.5375645096 -0.5924731201 1.0000000000
-0.9626487991 -0.2707531893 0.0000000000
0.1678189612 -0.7821999720 1.0000000000
0.9456218414 -0.3252680942 0.0000000000
0.9626487991 0.2707531893 0.0000000000
-0.1767436478 0.7802318136 1.0000000000
-0.3306641380 0.9437484982 0.0000000000
0.8156789007 -0.5785049101 0.0000000000
-0.8973984287 0.4412211012 0.0000000000
-0.0057119556 -0.9999836866 0.0000000000
-0.7770887385 0.1900870656 1.0000000000
0.9872375373 0.1592546545 0.0000000000
0.7332933061 -0.3198138948 1.0000000000
-0.1761477082 0.9843637462 0.0000000000
0.6920574695 -0.4013184010 1.0000000000
0.3840023386 0.9233321201 0.0000000000
0.9594929736 -0.2817325568 0.0000000000
0.2987435115 0.7421268856 1.0000000000
-0.7503551758 0.2774294687 1.0000000000
0.8592846997 0.5114976098 0.0000000000
0.6969375687 -0.7171318048 0.0000000000
-0.5893929103 -0.5409399202 1.0000000000
0.9997389970 -0.0228459587 0.0000000000
-0.0502324156 0.7984213827 1.0000000000
-0.7741416106 0.6330124538 0.0000000000
-0.6629460043 0.4477751617 1.0000000000
0.5169476218 -0.6105449667 1.0000000000
0.9740119169 -0.2264967674 0.0000000000
0.8286825053 0.5597189521 0.0000000000
-0.6629460043 -0.4477751617 1.0000000000
-0.4052648557 -0.6897538668 1.0000000000
-0.4666673232 -0.8844329310 0.0000000000
0.3570718427 -0.7158908430 1.0000000000
0.8022495067 0.5969888851 0.0000000000
-0.9968042780 0.0798826099 0.0000000000
0.9562119287 -0.2926751567 0.0000000000
0.1499050517 0.7858298006 1.0000000000
-0.1536129996 0.9881310876 0.0000000000
-0.8350225067 0.5502157879 0.0000000000
-0.3406234333 -0.7238616420 1.0000000000
-0.2297668337 0.7662944618 1.0000000000
0.8533854210 -0.5212804651 0.0000000000
-0.9976517906 0.0684901795 0.0000000000
-0.3734293893 -0.9276586070 0.0000000000
0.9994127752 -0.0342652112 0.0000000000
0.7519967101 0.6591668590 0.0000000000
-0.7444174994 -0.6677144499 0.0000000000
0.0137080970 0.7998825464 1.0000000000
0.2645313104 -0.7549987986 1.0000000000
-0.4590690809 -0.6551759908 1.0000000000
-0.7812286373 0.1722841150 1.0000000000
0.6886997751 -0.7250466328 0.0000000000
0.6363018567 0.4848916860 1.0000000000
0.0285560508 0.9995921928 0.0000000000
-0.3090169944 -0.9510565163 0.0000000000
-0.8763066800 -0.4817536741 0.0000000000
-0.7849607301 0.1543912311 1.0000000000
-0.5955339995 0.5341715599 1.0000000000
0.7981214325 -0.0547921436 1.0000000000
-0.9958266767 -0.0912646151 0.0000000000
-0.7367411379 0.6761749003 0.0000000000
-0.9594929736 0.2817325568 0.0000000000
-0.3198614380 0.9474643320 0.0000000000
-0.3945251734 0.9188851329 0.0000000000
-0.9812009126 0.1929890389 0.0000000000
-0.2297668337 -0.7662944618 1.0000000000
0.7444174994 0.6677144499 0.0000000000
-0.7966613414 0.0730116920 1.0000000000
0.6307210670 0.4921289827 1.0000000000
-0.2902461643 -0.7454912234 1.0000000000
-0.1319128908 0.7890494213 1.0000000000
-0.7725431948 -0.2077907895 1.0000000000
0.6075822248 -0.5204265944 1.0000000000
-0.6577874849 0.4553192558 1.0000000000
0.6075822248 0.5204265944 1.0000000000
0.9833415401 0.1817674766 0.0000000000
0.6629460043 0.4477751617 1.0000000000
-0.7911939188 -0.1183730662 1.0000000000
0.6827083368 0.4170243721 1.0000000000
-0.7622448742 -0.2428636486 1.0000000000
0.2122001322 -0.7713437002 1.0000000000
-0.7953773209 -0.6061146075 0.0000000000
-0.9656789935 0.2597384869 0.0000000000
-0.5261464609 -0.8503939685 0.0000000000
0.7947853883 -0.0911931279 1.0000000000
0.7792095336 -0.1811974139 1.0000000000
-0.2209979037 -0.7688692519 1.0000000000
-0.7884013338 0.6151612284 0.0000000000
-0.9528060927 -0.3035795607 0.0000000000
-0.9994127752 0.0342652112 0.0000000000
-0.0855750085 -0.9963317309 0.0000000000
0.4363497605 -0.6705213543 1.0000000000
-0.5738363511 -0.8189699886 0.0000000000
0.2209295597 -0.9752897670 0.0000000000
-0.9853538358 -0.1705221926 0.0000000000
0.4154150130 -0.9096319954 0.0000000000
-0.2872085421 -0.9578680772 0.0000000000
0.3945251734 0.9188851329 0.0000000000
-0.1409181665 0.7874909970 1.0000000000
-0.0045695645 -0.7999869493 1.0000000000
-0.8973984287 -0.4412211012 0.0000000000
0.4439811388 -0.6654928612 1.0000000000
-0.3521386729 -0.9359478378 0.0000000000
-0.2645313104 -0.7549987986 1.0000000000
-0.6417996054 0.4775911081 1.0000000000
-0.6525431205 0.4628039281 1.0000000000
-0.7866732321 -0.1454139813 1.0000000000
0.0171351213 -0.9998531830 0.0000000000
0.2209979037 -0.7688692519 1.0000000000
0.8473747705 0.5309952902 0.0000000000
-0.8412535328 -0.5406408175 0.0000000000
0.9765357966 0.2153551438 0.0000000000
0.0137080970 -0.7998825464 1.0000000000
0.0319786028 -0.7993606001 1.0000000000
0.5955339995 0.5341715599 1.0000000000
0.7438211887 0.2944996421 1.0000000000
0.4867512399 0.8735406290 0.0000000000
-0.3414236843 0.9399094998 0.0000000000
0.9492759100 0.3144443458 0.0000000000
0.3973588526 0.6943384926 1.0000000000
0.6015973681 -0.5273334872 1.0000000000
-0.5169476218 -0.6105449667 1.0000000000
-0.6015973681 -0.5273334872 1.0000000000
-0.8090169944 -0.5877852523 0.0000000000
-0.5442976818 -0.5862934705 1.0000000000
-0.6827083368 -0.4170243721 1.0000000000
0.6629460043 -0.4477751617 1.0000000000
0.7849607301 -0.1543912311 1.0000000000
0.4257792916 0.9048270525 0.0000000000
-0.5644432189 0.8254718970 0.0000000000
0.5099391918 -0.6164105942 1.0000000000
0.3652266827 0.7117650386 1.0000000000
0.7831457862 -0.1633483320 1.0000000000
-0.5768807859 0.5542639794 1.0000000000
-0.9119899883 0.4102124586 0.0000000000
0.7649695430 -0.2341401253 1.0000000000
0.9297764859 0.3681245527 0.0000000000
-0.8533854210 0.5212804651 0.0000000000
0.3406234333 -0.7238616420 1.0000000000
0.7953773209 0.6061146075 0.0000000000
0.9023802593 -0.4309406776 0.0000000000
0.3406234333 0.7238616420 1.0000000000
-0.5549764235 0.8318660765 0.0000000000
-0.5575500549 0.5737054438 1.0000000000
-0.7010453440 0.3854029393 1.0000000000
-0.7257954593 0.3364832110 1.0000000000
0.7211009824 0.6928299743 0.0000000000
-0.6196545064 -0.7848746987 0.0000000000
0.6193132885 -0.5064099630 1.0000000000
-0.9947191143 0.1026347097 0.0000000000
-0.7219042074 0.3447525421 1.0000000000
-0.3973588526 -0.6943384926 1.0000000000
0.9339211689 0.3574790208 0.0000000000
-0.9339211689 0.3574790208 0.0000000000
-0.0775609952 0.7962313056 1.0000000000
0.7503551758 -0.2774294687 1.0000000000
0.4665236755 0.6498889599 1.0000000000
0.0775609952 -0.7962313056 1.0000000000
-0.1309981041 0.9913826187 0.0000000000
-0.7995302202 0.0274121689 1.0000000000
0.6106478796 0.7919022459 0.0000000000
0.2209979037 0.7688692519 1.0000000000
0.0741876050 -0.9972443027 0.0000000000
-0.6803721023 -0.7328668382 0.0000000000
-0.9989561243 0.0456799918 0.0000000000
-0.7748665289 0.1989519097 1.0000000000
-0.7981214325 -0.0547921436 1.0000000000
-0.0399732536 0.9992007501 0.0000000000
-0.7936917611 -0.1002665869 1.0000000000
-0.7947853883 0.0911931279 1.0000000000
0.2320565853 -0.9727022881 0.0000000000
-0.9934817353 -0.1139914099 0.0000000000
-0.2097737015 -0.9777499651 0.0000000000
0.7622448742 0.2428636486 1.0000000000
0.3628077054 0.9318640292 0.0000000000
-0.7050844079 0.7091233869 0.0000000000
-0.8533854210 -0.5212804651 0.0000000000
0.7997911976 -0.0182767670 1.0000000000
-0.6015615598 -0.7988264454 0.0000000000
0.3072018709 -0.7386656960 1.0000000000
-0.3239972163 -0.7314545808 1.0000000000
0.7947853883 0.0911931279 1.0000000000
0.7534754909 -0.2688395146 1.0000000000
0.3323320104 -0.7277055963 1.0000000000
0.7367411379 -0.6761749003 0.0000000000
-0.0627905195 0.9980267284 0.0000000000
0.2097737015 -0.9777499651 0.0000000000
-0.7438211887 -0.2944996421 1.0000000000
-0.0741876050 -0.9972443027 0.0000000000
-0.9023802593 -0.4309406776 0.0000000000
0.1648911135 0.9863117766 0.0000000000
-0.9921147013 0.1253332336 0.0000000000
0.3813923122 0.7032353121 1.0000000000
0.7966613414 0.0730116920 1.0000000000
-0.0399732536 -0.9992007501 0.0000000000
-0.7257954593 -0.3364832110 1.0000000000
0.3813923122 -0.7032353121 1.0000000000
0.4812492478 -0.6390611563 1.0000000000
-0.3813923122 -0.7032353121 1.0000000000
-0.2472135955 -0.7608452130 1.0000000000
-0.7295919906 0.3281699669 1.0000000000
-0.4565333534 -0.8897062983 0.0000000000
-0.7367411379 -0.6761749003 0.0000000000
0.0502324156 0.7984213827 1.0000000000
0.0228448406 0.7996737543 1.0000000000
-0.6874277598 0.4091980879 1.0000000000
0.0513852396 -0.9986789059 0.0000000000
-0.2431533262 0.9699878659 0.0000000000
-0.4739173861 -0.6445171147 1.0000000000
0.7991648995 0.0365439934 1.0000000000
-0.1047984833 -0.7931060950 1.0000000000
0.0684600068 0.7970653847 1.0000000000
0.8412535328 0.5406408175 0.0000000000
0.7924945525 -0.1093269604 1.0000000000
0.8650718368 0.5016480012 0.0000000000
0.6730028263 0.4325126540 1.0000000000
0.2731389474 -0.7519275998 1.0000000000
-0.7792095336 -0.1811974139 1.0000000000
0.2817109383 -0.7487582702 1.0000000000
-0.7096672688 -0.3692862950 1.0000000000
-0.9997389970 -0.0228459587 0.0000000000
-0.7131392295 -0.7010224243 0.0000000000
0.7534754909 0.2688395146 1.0000000000
-0.0866518614 -0.7952933138 1.0000000000
0.6680180054 -0.4401726303 1.0000000000
-0.5644432189 -0.8254718970 0.0000000000
0.2033746674 0.7737174838 1.0000000000
-0.7813224557 -0.6241275672 0.0000000000
-0.7991648995 0.0365439934 1.0000000000
-0.7054023359 -0.3773692415 1.0000000000
0.6719556369 -0.7405914002 0.0000000000
-0.7668597356 0.6418147286 0.0000000000
0.9989561243 -0.0456799918 0.0000000000
-0.1945226610 0.7759902927 1.0000000000
0.8222343562 0.5691490697 0.0000000000
0.7966613414 -0.0730116920 1.0000000000
-0.3323320104 0.7277055963 1.0000000000
0.4052648557 -0.6897538668 1.0000000000
-0.9211236531 0.3892701063 0.0000000000
0.4665236755 -0.6498889599 1.0000000000
0.9789322327 -0.2041854150 0.0000000000
0.7668597356 -0.6418147286 0.0000000000
-0.5163974616 -0.8563490303 0.0000000000
-0.7966613414 -0.0730116920 1.0000000000
0.9492759100 -0.3144443458 0.0000000000
-0.9947191143 -0.1026347097 0.0000000000
-0.9853538358 0.1705221926 0.0000000000
-1.0000000000 0.0000000000 0.0000000000
0.6307210670 -0.4921289827 1.0000000000
-0.0137080970 -0.7998825464 1.0000000000
0.9958266767 -0.0912646151 0.0000000000
0.1423148383 0.9898214419 0.0000000000
0.8286825053 -0.5597189521 0.0000000000
0.9594929736 0.2817325568 0.0000000000
-0.0513852396 0.9986789059 0.0000000000
0.4209171687 -0.6803151748 1.0000000000
0.6730028263 -0.4325126540 1.0000000000
-0.5454372006 -0.8381516928 0.0000000000
-0.7211009824 -0.6928299743 0.0000000000
-0.8022495067 0.5969888851 0.0000000000
0.7594777810 0.6505332430 0.0000000000
-0.7594207280 -0.2515554767 1.0000000000
0.5442976818 -0.5862934705 1.0000000000
-0.6548607339 0.7557495744 0.0000000000
0.2033746674 -0.7737174838 1.0000000000
0.9906181906 -0.1366587005 0.0000000000
0.1319128908 -0.7890494213 1.0000000000
0.7995302202 0.0274121689 1.0000000000
-0.6374239897 -0.7705132428 0.0000000000
-0.4257792916 -0.9048270525 0.0000000000
-0.4257792916 0.9048270525 0.0000000000
0.7404083694 -0.3029776338 1.0000000000
-0.4665236755 -0.6498889599 1.0000000000
0.6874277598 0.4091980879 1.0000000000
-0.7649695430 0.2341401253 1.0000000000
-0.3570718427 0.7158908430 1.0000000000
0.8817529199 -0.4717115519 0.0000000000
-0.5358267950 0.8443279255 0.0000000000
-0.9418443636 -0.3360493932 0.0000000000
-0.4360880035 0.8999040244 0.0000000000
-0.6548607339 -0.7557495744 0.0000000000
0.4131179693 -0.6850792242 1.0000000000
0.4049965204 -0.9143182260 0.0000000000
0.1856452682 -0.7781618305 1.0000000000
-0.9994127752 -0.0342652112 0.0000000000
-0.7770887385 -0.1900870656 1.0000000000
0.6196545064 -0.7848746987 0.0000000000
0.8870840860 -0.4616078687 0.0000000000
0.7748665289 0.1989519097 1.0000000000
-0.5028642118 -0.6221957767 1.0000000000
0.9379439698 0.3467868358 0.0000000000
0.5169476218 0.6105449667 1.0000000000
0.3306641380 -0.9437484982 0.0000000000
-0.9339211689 -0.3574790208 0.0000000000
-0.3156201387 0.7351081064 1.0000000000
-0.9072443241 0.4206040137 0.0000000000
0.3414236843 0.9399094998 0.0000000000
-0.4767403903 0.8790441401 0.0000000000
-0.7957752914 -0.0821077677 1.0000000000
0.1985904666 -0.9800825611 0.0000000000
-0.6075822248 0.5204265944 1.0000000000
-0.7897900298 0.1274037236 1.0000000000
0.5028642118 0.6221957767 1.0000000000
-0.3973588526 0.6943384926 1.0000000000
0.2097737015 0.9777499651 0.0000000000
-0.5358267950 -0.8443279255 0.0000000000
-0.2981322222 -0.9545245822 0.0000000000
0.8763066800 -0.4817536741 0.0000000000
-0.7594777810 -0.6505332430 0.0000000000
0.4767403903 0.8790441401 0.0000000000
-0.9999347471 0.0114237248 0.0000000000
-0.3840023386 0.9233321201 0.0000000000
0.0684600068 -0.7970653847 1.0000000000
0.3156201387 0.7351081064 1.0000000000
-0.2472135955 0.7608452130 1.0000000000
-0.9492759100 0.3144443458 0.0000000000
0.9921147013 0.1253332336 0.0000000000
-0.7534754909 -0.2688395146 1.0000000000
0.6965968617 0.3933863397 1.0000000000
-0.1856452682 -0.7781618305 1.0000000000
0.6461845272 0.7631812083 0.0000000000
-0.9740119169 0.2264967674 0.0000000000
0.9255104617 -0.3787220422 0.0000000000
0.3733338586 -0.7075463448 1.0000000000
-0.9211236531 -0.3892701063 0.0000000000
0.7219042074 -0.3447525421 1.0000000000
-0.2987435115 0.7421268856 1.0000000000
-0.9889923985 -0.1479663328 0.0000000000
-0.5065810696 0.8621923335 0.0000000000
-0.7594777810 0.6505332430 0.0000000000
-0.3628077054 -0.9318640292 0.0000000000
0.0741876050 0.9972443027 0.0000000000
-0.7138395859 -0.3611551544 1.0000000000
0.7367411379 0.6761749003 0.0000000000
0.7701190393 0.2166025514 1.0000000000
-0.1196642739 -0.9928144145 0.0000000000
0.6548607339 -0.7557495744 0.0000000000
0.6577874849 0.4553192558 1.0000000000
0.5238885872 0.6045996595 1.0000000000
-0.1678189612 -0.7821999720 1.0000000000
-0.9255104617 0.3787220422 0.0000000000
0.2122001322 0.7713437002 1.0000000000
-0.7295919906 -0.3281699669 1.0000000000
-0.8090169944 0.5877852523 0.0000000000
0.6719556369 0.7405914002 0.0000000000
0.1856452682 0.7781618305 1.0000000000
0.7050844079 -0.7091233869 0.0000000000
0.6778998164 -0.4247962322 1.0000000000
-0.6134877885 -0.5134517829 1.0000000000
-0.7534754909 0.2688395146 1.0000000000
-0.1083148268 -0.9941166422 0.0000000000
0.9211236531 0.3892701063 0.0000000000
0.9740119169 0.2264967674 0.0000000000
0.7986952831 -0.0456710487 1.0000000000
-0.7866732321 0.1454139813 1.0000000000
-0.9119899883 -0.4102124586 0.0000000000
-0.7725431948 0.2077907895 1.0000000000
-0.0285560508 -0.9995921928 0.0000000000
0.5442976818 0.5862934705 1.0000000000
-0.9997389970 0.0228459587 0.0000000000
-0.1873813146 -0.9822872507 0.0000000000
0.7953773209 -0.6061146075 0.0000000000
0.3072018709 0.7386656960 1.0000000000
-0.3734293893 0.9276586070 0.0000000000
0.0411081917 0.7989431247 1.0000000000
0.7219042074 0.3447525421 1.0000000000
0.4767403903 -0.8790441401 0.0000000000
0.3840023386 -0.9233321201 0.0000000000
0.3733338586 0.7075463448 1.0000000000
0.1767436478 0.7802318136 1.0000000000
-0.1499050517 0.7858298006 1.0000000000
-0.5955339995 -0.5341715599 1.0000000000
-0.6730028263 -0.4325126540 1.0000000000
0.3894009919 0.6988325032 1.0000000000
0.9626487991 -0.2707531893 0.0000000000
0.1536129996 0.9881310876 0.0000000000
-0.1196642739 0.9928144145 0.0000000000
-0.3652266827 -0.7117650386 1.0000000000
-0.1409181665 -0.7874909970 1.0000000000
0.7957752914 0.0821077677 1.0000000000
-0.7897900298 -0.1274037236 1.0000000000
-0.6417996054 -0.4775911081 1.0000000000
-0.5640675263 -0.5672987095 1.0000000000
-0.4957236051 0.6278997590 1.0000000000
0.7748665289 -0.1989519097 1.0000000000
-0.8817529199 -0.4717115519 0.0000000000
0.1309981041 0.9913826187 0.0000000000
0.7295919906 -0.3281699669 1.0000000000
-0.9713609231 0.2376088320 0.0000000000
0.0285560508 -0.9995921928 0.0000000000
-0.7986952831 0.0456710487 1.0000000000
-0.9255104617 -0.3787220422 0.0000000000
0.4739173861 0.6445171147 1.0000000000
-0.3945251734 -0.9188851329 0.0000000000
-0.5831749019 0.5476376847 1.0000000000
-0.0319786028 0.7993606001 1.0000000000
-0.9656789935 -0.2597384869 0.0000000000
-0.2902461643 0.7454912234 1.0000000000
-0.5375645096 0.5924731201 1.0000000000
-0.1083148268 0.9941166422 0.0000000000
-0.2320565853 0.9727022881 0.0000000000
0.3198614380 -0.9474643320 0.0000000000
-0.7622448742 0.2428636486 1.0000000000
-0.0411081917 -0.7989431247 1.0000000000
-0.1648911135 -0.9863117766 0.0000000000
-0.7997911976 -0.0182767670 1.0000000000
-0.4131179693 -0.6850792242 1.0000000000
-0.0957314191 -0.7942515316 1.0000000000
0.6548607339 0.7557495744 0.0000000000
-0.3406234333 0.7238616420 1.0000000000
0.7257954593 0.3364832110 1.0000000000
0.4590690809 0.6551759908 1.0000000000
0.3414236843 -0.9399094998 0.0000000000
-0.4363497605 0.6705213543 1.0000000000
0.4154150130 0.9096319954 0.0000000000
0.7897900298 -0.1274037236 1.0000000000
0.5261464609 -0.8503939685 0.0000000000
-0.5738363511 0.8189699886 0.0000000000
-0.2209295597 -0.9752897670 0.0000000000
0.5738363511 0.8189699886 0.0000000000
0.9713609231 -0.2376088320 0.0000000000
-0.1588723733 -0.7840660489 1.0000000000
-0.3323320104 -0.7277055963 1.0000000000
0.9656789935 0.2597384869 0.0000000000
0.4867512399 -0.8735406290 0.0000000000
-0.4439811388 -0.6654928612 1.0000000000
-0.4885183037 -0.6335217967 1.0000000000
-0.5923967327 0.8056463933 0.0000000000
0.3488704028 -0.7199232196 1.0000000000
-0.8286825053 -0.5597189521 0.0000000000
-0.5238885872 -0.6045996595 1.0000000000
-0.2542183342 0.9671468547 0.0000000000
0.5640675263 0.5672987095 1.0000000000
0.7725431948 0.2077907895 1.0000000000
-0.4209171687 -0.6803151748 1.0000000000
0.7991648995 -0.0365439934 1.0000000000
-0.2981322222 0.9545245822 0.0000000000
0.5099391918 0.6164105942 1.0000000000
0.5768807859 0.5542639794 1.0000000000
0.1873813146 -0.9822872507 0.0000000000
-0.6634514776 0.7482193107 0.0000000000
0.0399732536 0.9992007501 0.0000000000
0.0399732536 -0.9992007501 0.0000000000
0.7957752914 -0.0821077677 1.0000000000
-0.7675943789 -0.2253860455 1.0000000000
0.7741416106 0.6330124538 0.0000000000
-0.3840023386 -0.9233321201 0.0000000000
0.7999477977 -0.0091389798 1.0000000000
-0.9958266767 0.0912646151 0.0000000000
0.0855750085 -0.9963317309 0.0000000000
-0.4131179693 0.6850792242 1.0000000000
0.3239972163 -0.7314545808 1.0000000000
-0.2122001322 -0.7713437002 1.0000000000
0.7882830687 0.1364177541 1.0000000000
-0.7813224557 0.6241275672 0.0000000000
0.7812286373 -0.1722841150 1.0000000000
0.0502324156 -0.7984213827 1.0000000000
0.0969512440 0.9952891320 0.0000000000
-0.7368989225 -0.3114160851 1.0000000000
-0.5454372006 0.8381516928 0.0000000000
-0.7471369351 -0.2859832166 1.0000000000
-0.9833415401 -0.1817674766 0.0000000000
-0.3072018709 0.7386656960 1.0000000000
0.6250579646 -0.4993020538 1.0000000000
-0.4154150130 0.9096319954 0.0000000000
0.5358267950 0.8443279255 0.0000000000
0.7813224557 -0.6241275672 0.0000000000
-0.1678189612 0.7821999720 1.0000000000
-0.3414236843 -0.9399094998 0.0000000000
0.7131392295 0.7010224243 0.0000000000
0.8707460771 0.4917329246 0.0000000000
0.2385057778 0.7636196658 1.0000000000
-0.6920574695 -0.4013184010 1.0000000000
-0.0775609952 -0.7962313056 1.0000000000
-0.8763066800 0.4817536741 0.0000000000
-0.3488704028 -0.7199232196 1.0000000000
0.3652266827 -0.7117650386 1.0000000000
-0.0741876050 0.9972443027 0.0000000000
-0.6577874849 -0.4553192558 1.0000000000
0.6106478796 -0.7919022459 0.0000000000
0.4463398034 0.8948635538 0.0000000000
-0.7986952831 -0.0456710487 1.0000000000
0.5163974616 0.8563490303 0.0000000000
0.9983691039 -0.0570888109 0.0000000000
-0.3306641380 -0.9437484982 0.0000000000
-0.5831545944 -0.8123611998 0.0000000000
0.6472135955 -0.4702282018 1.0000000000
-0.9906181906 -0.1366587005 0.0000000000
-0.9999347471 -0.0114237248 0.0000000000
-0.6250579646 -0.4993020538 1.0000000000
-0.4966985657 -0.8679231157 0.0000000000
0.2652501652 0.9641796253 0.0000000000
0.2431533262 -0.9699878659 0.0000000000
-0.8156789007 0.5785049101 0.0000000000
-0.2817109383 -0.7487582702 1.0000000000
-0.9976517906 -0.0684901795 0.0000000000
-0.6719556369 0.7405914002 0.0000000000
0.8973984287 0.4412211012 0.0000000000
0.8022495067 -0.5969888851 0.0000000000
0.6134877885 0.5134517829 1.0000000000
0.4049965204 0.9143182260 0.0000000000
0.5065810696 0.8621923335 0.0000000000
0.6015973681 0.5273334872 1.0000000000
0.6374239897 0.7705132428 0.0000000000
0.6015615598 0.7988264454 0.0000000000
0.5831545944 0.8123611998 0.0000000000
-0.4515545751 -0.6603775176 1.0000000000
0.2872085421 0.9578680772 0.0000000000
-0.2558891504 0.7579714656 1.0000000000
-0.4463398034 -0.8948635538 0.0000000000
-0.4463398034 0.8948635538 0.0000000000
-0.9594929736 -0.2817325568 0.0000000000
0.5768807859 -0.5542639794 1.0000000000
-0.3521386729 0.9359478378 0.0000000000
-0.0684600068 0.7970653847 1.0000000000
0.9685831611 0.2486898872 0.0000000000
0.4739173861 -0.6445171147 1.0000000000
-0.4590690809 0.6551759908 1.0000000000
0.9072443241 -0.4206040137 0.0000000000
0.6803721023 -0.7328668382 0.0000000000
0.7444174994 -0.6677144499 0.0000000000
0.8412535328 -0.5406408175 0.0000000000
0.7368989225 0.3114160851 1.0000000000
-0.2431533262 -0.9699878659 0.0000000000
-0.7882830687 0.1364177541 1.0000000000
0.1945226610 0.7759902927 1.0000000000
-0.8222343562 -0.5691490697 0.0000000000
-0.0866518614 0.7952933138 1.0000000000
-0.9562119287 -0.2926751567 0.0000000000
-0.9789322327 -0.2041854150 0.0000000000
-0.6106478796 0.7919022459 0.0000000000
-0.1309981041 -0.9913826187 0.0000000000
0.3734293893 0.9276586070 0.0000000000
-0.2542183342 -0.9671468547 0.0000000000
0.7911939188 0.1183730662 1.0000000000
0.1319128908 0.7890494213 1.0000000000
0.5549764235 -0.8318660765 0.0000000000
0.5454372006 0.8381516928 0.0000000000
0.1873813146 0.9822872507 0.0000000000
0.2472135955 -0.7608452130 1.0000000000
-0.9833415401 0.1817674766 0.0000000000
0.6680180054 0.4401726303 1.0000000000
-0.3894009919 0.6988325032 1.0000000000
0.7813224557 0.6241275672 0.0000000000
0.4363497605 0.6705213543 1.0000000000
0.7179187430 0.3529768810 1.0000000000
-0.6196545064 0.7848746987 0.0000000000
0.7831457862 0.1633483320 1.0000000000
0.7594777810 -0.6505332430 0.0000000000
-0.0957314191 0.7942515316 1.0000000000
-0.4885183037 0.6335217967 1.0000000000
-0.0969512440 0.9952891320 0.0000000000
0.7138395859 -0.3611551544 1.0000000000
-0.6075822248 -0.5204265944 1.0000000000
0.6634514776 -0.7482193107 0.0000000000
-0.5893929103 0.5409399202 1.0000000000
-0.8286825053 0.5597189521 0.0000000000
0.9968042780 0.0798826099 0.0000000000
0.7594207280 0.2515554767 1.0000000000
-0.8707460771 -0.4917329246 0.0000000000
-0.7138395859 0.3611551544 1.0000000000
0.9968042780 -0.0798826099 0.0000000000
-0.5169476218 0.6105449667 1.0000000000
-0.9562119287 0.2926751567 0.0000000000
0.7999477977 0.0091389798 1.0000000000
0.3570718427 0.7158908430 1.0000000000
0.0593500840 0.7977954422 1.0000000000
0.1409181665 -0.7874909970 1.0000000000
-0.6134877885 0.5134517829 1.0000000000
-0.7471369351 0.2859832166 1.0000000000
0.0228448406 -0.7996737543 1.0000000000
0.1228903997 -0.7905048701 1.0000000000
-0.6015973681 0.5273334872 1.0000000000
0.7701190393 -0.2166025514 1.0000000000
0.5831545944 -0.8123611998 0.0000000000
0.5705113836 -0.5608179394 1.0000000000
-0.9456218414 0.3252680942 0.0000000000
-0.6472135955 0.4702282018 1.0000000000
-0.8222343562 0.5691490697 0.0000000000
0.7622448742 -0.2428636486 1.0000000000
1.0000000000 0.0000000000 0.0000000000
0.6525431205 0.4628039281 1.0000000000
0.8350225067 0.5502157879 0.0000000000
0.1678189612 0.7821999720 1.0000000000
0.2902461643 -0.7454912234 1.0000000000
0.6874277598 -0.4091980879 1.0000000000
-0.1138518706 -0.7918571535 1.0000000000
-0.8473747705 0.5309952902 0.0000000000
-0.7444174994 0.6677144499 0.0000000000
0.3521386729 -0.9359478378 0.0000000000
0.0593500840 -0.7977954422 1.0000000000
0.5923967327 -0.8056463933 0.0000000000
-0.9456218414 -0.3252680942 0.0000000000
0.1761477082 -0.9843637462 0.0000000000
-0.7997911976 0.0182767670 1.0000000000
-0.7701190393 -0.2166025514 1.0000000000
0.4885183037 -0.6335217967 1.0000000000
0.6196545064 0.7848746987 0.0000000000
0.7882830687 -0.1364177541 1.0000000000
0.0045695645 0.7999869493 1.0000000000
-0.7054023359 0.3773692415 1.0000000000
0.0319786028 0.7993606001 1.0000000000
-0.5099391918 -0.6164105942 1.0000000000
-0.9418443636 0.3360493932 0.0000000000
-0.0411081917 0.7989431247 1.0000000000
0.7812286373 0.1722841150 1.0000000000
-0.5307611820 -0.5985754486 1.0000000000
-0.1228903997 -0.7905048701 1.0000000000
0.9934817353 -0.1139914099 0.0000000000
-0.9528060927 0.3035795607 0.0000000000
0.2817109383 0.7487582702 1.0000000000
0.6803721023 0.7328668382 0.0000000000
-0.5163974616 0.8563490303 0.0000000000
0.7131392295 -0.7010224243 0.0000000000
0.7054023359 -0.3773692415 1.0000000000
0.7884013338 -0.6151612284 0.0000000000
0.9255104617 0.3787220422 0.0000000000
-0.6969375687 -0.7171318048 0.0000000000
0.5831749019 -0.5476376847 1.0000000000
0.8707460771 -0.4917329246 0.0000000000
0.4966985657 -0.8679231157 0.0000000000
0.9789322327 0.2041854150 0.0000000000
-0.1423148383 0.9898214419 0.0000000000
-0.3570718427 -0.7158908430 1.0000000000
-0.5640675263 0.5672987095 1.0000000000
0.6472135955 0.4702282018 1.0000000000
0.7010453440 -0.3854029393 1.0000000000
-0.7289686274 0.6845471059 0.0000000000
-0.8412535328 0.5406408175 0.0000000000
0.9418443636 0.3360493932 0.0000000000
-0.7050844079 -0.7091233869 0.0000000000
0.5065810696 -0.8621923335 0.0000000000
0.7471369351 0.2859832166 1.0000000000
0.2872085421 -0.9578680772 0.0000000000
0.7974434224 0.0639060879 1.0000000000
-0.9983691039 -0.0570888109 0.0000000000
-0.4739173861 0.6445171147 1.0000000000
-0.6525431205 -0.4628039281 1.0000000000
-0.4812492478 -0.6390611563 1.0000000000
-0.8592846997 0.5114976098 0.0000000000
0.7770887385 0.1900870656 1.0000000000
0.5307611820 -0.5985754486 1.0000000000
-0.7564974731 0.2602144754 1.0000000000
0.2297668337 0.7662944618 1.0000000000
-0.7991648995 -0.0365439934 1.0000000000
-0.2817109383 0.7487582702 1.0000000000
-0.2209979037 0.7688692519 1.0000000000
0.2762473796 -0.9610865649 0.0000000000
-0.6015615598 0.7988264454 0.0000000000
-0.2033746674 0.7737174838 1.0000000000
0.9999347471 -0.0114237248 0.0000000000
0.5509598201 -0.5800373063 1.0000000000
0.3734293893 -0.9276586070 0.0000000000
0.5575500549 -0.5737054438 1.0000000000
0.7974434224 -0.0639060879 1.0000000000
-0.9872375373 0.1592546545 0.0000000000
0.2987435115 -0.7421268856 1.0000000000
0.6285802648 -0.7777447208 0.0000000000
-0.6886997751 -0.7250466328 0.0000000000
-0.9889923985 0.1479663328 0.0000000000
0.1309981041 -0.9913826187 0.0000000000
0.7054023359 0.3773692415 1.0000000000
-0.9765357966 -0.2153551438 0.0000000000
0.3628077054 -0.9318640292 0.0000000000
0.0411081917 -0.7989431247 1.0000000000
0.6634514776 0.7482193107 0.0000000000
0.2385057778 -0.7636196658 1.0000000000
0.3894009919 -0.6988325032 1.0000000000
-0.6920574695 0.4013184010 1.0000000000
0.5738363511 -0.8189699886 0.0000000000
-0.3072018709 -0.7386656960 1.0000000000
0.7770887385 -0.1900870656 1.0000000000
0.6827083368 -0.4170243721 1.0000000000
0.4590690809 -0.6551759908 1.0000000000
-0.9685831611 0.2486898872 0.0000000000
-0.7404083694 -0.3029776338 1.0000000000
0.2542183342 0.9671468547 0.0000000000
0.8922994824 -0.4514439430 0.0000000000
-0.7924945525 -0.1093269604 1.0000000000
-0.3652266827 0.7117650386 1.0000000000
0.7884013338 0.6151612284 0.0000000000
0.6193132885 0.5064099630 1.0000000000
-0.4565333534 0.8897062983 0.0000000000
-0.9921147013 -0.1253332336 0.0000000000
0.1138518706 -0.7918571535 1.0000000000
-0.0228448406 -0.7996737543 1.0000000000
0.5307611820 0.5985754486 1.0000000000
0.6886997751 0.7250466328 0.0000000000
-0.5705113836 -0.5608179394 1.0000000000
-0.7368989225 0.3114160851 1.0000000000
-0.6363018567 -0.4848916860 1.0000000000
-0.7503551758 -0.2774294687 1.0000000000
-0.6778998164 0.4247962322 1.0000000000
-0.4154150130 -0.9096319954 0.0000000000
-0.2731389474 0.7519275998 1.0000000000
-0.6193132885 -0.5064099630 1.0000000000
0.7404083694 0.3029776338 1.0000000000
-0.7211009824 0.6928299743 0.0000000000
-0.8000000000 0.0000000000 1.0000000000
0.0627905195 0.9980267284 0.0000000000
-0.8650718368 -0.5016480012 0.0000000000
-0.7974434224 -0.0639060879 1.0000000000
-0.7995302202 -0.0274121689 1.0000000000
0.5955339995 -0.5341715599 1.0000000000
-0.7219042074 -0.3447525421 1.0000000000
-0.4439811388 0.6654928612 1.0000000000
0.4257792916 -0.9048270525 0.0000000000
0.8222343562 -0.5691490697 0.0000000000
0.8090169944 -0.5877852523 0.0000000000
0.2209295597 0.9752897670 0.0000000000
0.6577874849 -0.4553192558 1.0000000000
-0.7953773209 0.6061146075 0.0000000000
-0.6250579646 0.4993020538 1.0000000000
0.1047984833 -0.7931060950 1.0000000000
0.9934817353 0.1139914099 0.0000000000
0.3090169944 0.9510565163 0.0000000000
-0.1648911135 0.9863117766 0.0000000000
0.2762473796 0.9610865649 0.0000000000
0.7986952831 0.0456710487 1.0000000000
0.5509598201 0.5800373063 1.0000000000
-0.2033746674 -0.7737174838 1.0000000000
-0.5065810696 -0.8621923335 0.0000000000
0.2558891504 -0.7579714656 1.0000000000
0.0057119556 0.9999836866 0.0000000000
0.1083148268 0.9941166422 0.0000000000
-0.6374239897 0.7705132428 0.0000000000
0.8090169944 0.5877852523 0.0000000000
-0.9492759100 -0.3144443458 0.0000000000
-0.2645313104 0.7549987986 1.0000000000
0.7010453440 0.3854029393 1.0000000000
-0.9685831611 -0.2486898872 0.0000000000
0.7911939188 -0.1183730662 1.0000000000
0.7295919906 0.3281699669 1.0000000000
-0.8156789007 -0.5785049101 0.0000000000
-0.5238885872 0.6045996595 1.0000000000
-0.2122001322 0.7713437002 1.0000000000
0.9119899883 -0.4102124586 0.0000000000
-0.0593500840 0.7977954422 1.0000000000
-0.6680180054 -0.4401726303 1.0000000000
-0.0285560508 0.9995921928 0.0000000000
-0.4867512399 -0.8735406290 0.0000000000
0.5893929103 -0.5409399202 1.0000000000
0.2902461643 0.7454912234 1.0000000000
0.5549764235 0.8318660765 0.0000000000
-0.4812492478 0.6390611563 1.0000000000
-0.4286614360 -0.6754623404 1.0000000000
-0.6285802648 -0.7777447208 0.0000000000
0.5705113836 0.5608179394 1.0000000000
0.4957236051 -0.6278997590 1.0000000000
-0.7884013338 -0.6151612284 0.0000000000
0.7741416106 -0.6330124538 0.0000000000
0.7981214325 0.0547921436 1.0000000000
0.7503551758 0.2774294687 1.0000000000
-0.6634514776 -0.7482193107 0.0000000000
-0.2209295597 0.9752897670 0.0000000000
-0.0319786028 -0.7993606001 1.0000000000
-0.2385057778 -0.7636196658 1.0000000000
-0.9812009126 -0.1929890389 0.0000000000
-0.1536129996 -0.9881310876 0.0000000000
0.5163974616 -0.8563490303 0.0000000000
-0.2762473796 -0.9610865649 0.0000000000
0.1047984833 0.7931060950 1.0000000000
0.7564974731 -0.2602144754 1.0000000000
-0.0057119556 0.9999836866 0.0000000000
0.1588723733 -0.7840660489 1.0000000000
0.7179187430 -0.3529768810 1.0000000000
0.8473747705 -0.5309952902 0.0000000000
-0.8022495067 -0.5969888851 0.0000000000
0.5028642118 -0.6221957767 1.0000000000
0.2297668337 -0.7662944618 1.0000000000
-0.9072443241 -0.4206040137 0.0000000000
0.7096672688 0.3692862950 1.0000000000
-0.9166166326 0.3997673684 0.0000000000
0.7649695430 0.2341401253 1.0000000000
0.9166166326 -0.3997673684 0.0000000000
0.1648911135 -0.9863117766 0.0000000000
0.1761477082 0.9843637462 0.0000000000
-0.7594207280 0.2515554767 1.0000000000
-0.7999477977 0.0091389798 1.0000000000
-0.4666673232 0.8844329310 0.0000000000
0.2731389474 0.7519275998 1.0000000000
0.4439811388 0.6654928612 1.0000000000
-0.1985904666 0.9800825611 0.0000000000
-0.2558891504 -0.7579714656 1.0000000000
0.5831749019 0.5476376847 1.0000000000
0.9765357966 -0.2153551438 0.0000000000
0.0957314191 0.7942515316 1.0000000000
-0.9379439698 0.3467868358 0.0000000000
-0.5099391918 0.6164105942 1.0000000000
0.7138395859 0.3611551544 1.0000000000
0.9997389970 0.0228459587 0.0000000000
0.1945226610 -0.7759902927 1.0000000000
0.5893929103 0.5409399202 1.0000000000
-0.0627905195 -0.9980267284 0.0000000000
0.1499050517 -0.7858298006 1.0000000000
0.9562119287 0.2926751567 0.0000000000
0.1083148268 -0.9941166422 0.0000000000
0.3198614380 0.9474643320 0.0000000000
-0.6472135955 -0.4702282018 1.0000000000
-0.2652501652 -0.9641796253 0.0000000000
0.9853538358 0.1705221926 0.0000000000
0.8870840860 0.4616078687 0.0000000000
-0.6106478796 -0.7919022459 0.0000000000
-0.2731389474 -0.7519275998 1.0000000000
0.7368989225 -0.3114160851 1.0000000000
-0.8922994824 -0.4514439430 0.0000000000
-0.1856452682 0.7781618305 1.0000000000
0.0513852396 0.9986789059 0.0000000000
0.1588723733 0.7840660489 1.0000000000
-0.6969375687 0.7171318048 0.0000000000
0.7866732321 0.1454139813 1.0000000000
-0.1588723733 0.7840660489 1.0000000000
0.7897900298 0.1274037236 1.0000000000
-0.9789322327 0.2041854150 0.0000000000
0.7866732321 -0.1454139813 1.0000000000
0.7924945525 0.1093269604 1.0000000000
-0.6307210670 0.4921289827 1.0000000000
-0.9983691039 0.0570888109 0.0000000000
0.8973984287 -0.4412211012 0.0000000000
-0.6827083368 0.4170243721 1.0000000000
0.9958266767 0.0912646151 0.0000000000
0.4360880035 -0.8999040244 0.0000000000
-0.3488704028 0.7199232196 1.0000000000
-0.5768807859 -0.5542639794 1.0000000000
-0.5509598201 -0.5800373063 1.0000000000
0.1228903997 0.7905048701 1.0000000000
0.7995302202 -0.0274121689 1.0000000000
-0.1499050517 -0.7858298006 1.0000000000
0.7849607301 0.1543912311 1.0000000000
0.2981322222 -0.9545245822 0.0000000000
0.9456218414 0.3252680942 0.0000000000
-0.2097737015 0.9777499651 0.0000000000
0.4131179693 0.6850792242 1.0000000000
0.5644432189 0.8254718970 0.0000000000
-0.8817529199 0.4717115519 0.0000000000
-0.9297764859 -0.3681245527 0.0000000000
-0.1138518706 0.7918571535 1.0000000000
0.1423148383 -0.9898214419 0.0000000000
-0.9765357966 0.2153551438 0.0000000000
0.9872375373 -0.1592546545 0.0000000000
-0.6778998164 -0.4247962322 1.0000000000
-0.4209171687 0.6803151748 1.0000000000
0.7936917611 0.1002665869 1.0000000000
-0.1873813146 0.9822872507 0.0000000000
-0.8473747705 -0.5309952902 0.0000000000
0.6374239897 -0.7705132428 0.0000000000
0.7564974731 0.2602144754 1.0000000000
-0.0855750085 0.9963317309 0.0000000000
0.2542183342 -0.9671468547 0.0000000000
0.2981322222 0.9545245822 0.0000000000
-0.7957752914 0.0821077677 1.0000000000
-0.3156201387 -0.7351081064 1.0000000000
-0.9626487991 0.2707531893 0.0000000000
0.9994127752 0.0342652112 0.0000000000
0.6417996054 -0.4775911081 1.0000000000
0.7050844079 0.7091233869 0.0000000000
0.6134877885 -0.5134517829 1.0000000000
-0.3090169944 0.9510565163 0.0000000000
0.9889923985 0.1479663328 0.0000000000
-0.6965968617 -0.3933863397 1.0000000000
-0.7812286373 -0.1722841150 1.0000000000
-0.7332933061 -0.3198138948 1.0000000000
0.7792095336 0.1811974139 1.0000000000
-0.4957236051 -0.6278997590 1.0000000000
0.9906181906 0.1366587005 0.0000000000
0.9947191143 -0.1026347097 0.0000000000
0.7519967101 -0.6591668590 0.0000000000
0.9339211689 -0.3574790208 0.0000000000
-0.9166166326 -0.3997673684 0.0000000000
-0.6965968617 0.3933863397 1.0000000000
-0.6874277598 -0.4091980879 1.0000000000
-0.7748665289 -0.1989519097 1.0000000000
0.2652501652 -0.9641796253 0.0000000000
0.7438211887 -0.2944996421 1.0000000000
-0.2987435115 -0.7421268856 1.0000000000
0.9211236531 -0.3892701063 0.0000000000
0.6525431205 -0.4628039281 1.0000000000
-0.3894009919 -0.6988325032 1.0000000000
0.0969512440 -0.9952891320 0.0000000000
-0.5575500549 -0.5737054438 1.0000000000
0.3945251734 -0.9188851329 0.0000000000
0.0627905195 -0.9980267284 0.0000000000
-0.7741416106 -0.6330124538 0.0000000000
-0.7289686274 -0.6845471059 0.0000000000
-0.1945226610 -0.7759902927 1.0000000000
0.9812009126 0.1929890389 0.0000000000
0.4666673232 -0.8844329310 0.0000000000
0.8763066800 0.4817536741 0.0000000000
-0.1319128908 -0.7890494213 1.0000000000
0.4052648557 0.6897538668 1.0000000000
0.9833415401 -0.1817674766 0.0000000000
-0.0969512440 -0.9952891320 0.0000000000
-0.8707460771 0.4917329246 0.0000000000
0.3239972163 0.7314545808 1.0000000000
0.4885183037 0.6335217967 1.0000000000
0.1767436478 -0.7802318136 1.0000000000
0.3306641380 0.9437484982 0.0000000000
0.9921147013 -0.1253332336 0.0000000000
0.0866518614 -0.7952933138 1.0000000000
0.2472135955 0.7608452130 1.0000000000
0.6461845272 -0.7631812083 0.0000000000
-0.6719556369 -0.7405914002 0.0000000000
-0.6307210670 -0.4921289827 1.0000000000
-0.4515545751 0.6603775176 1.0000000000
-0.2385057778 0.7636196658 1.0000000000
0.5640675263 -0.5672987095 1.0000000000
-0.9713609231 -0.2376088320 0.0000000000
-0.6461845272 -0.7631812083 0.0000000000
0.9947191143 0.1026347097 0.0000000000
-0.5831545944 0.8123611998 0.0000000000
-0.0045695645 0.7999869493 1.0000000000
-0.5923967327 -0.8056463933 0.0000000000
0.2645313104 0.7549987986 1.0000000000
0.6417996054 0.4775911081 1.0000000000
0.6285802648 0.7777447208 0.0000000000
-0.3733338586 -0.7075463448 1.0000000000
0.4515545751 -0.6603775176 1.0000000000
0.1409181665 0.7874909970 1.0000000000
-0.7792095336 0.1811974139 1.0000000000
0.7096672688 -0.3692862950 1.0000000000
-0.0593500840 -0.7977954422 1.0000000000
0.9166166326 0.3997673684 0.0000000000
0.5238885872 -0.6045996595 1.0000000000
0.9889923985 -0.1479663328 0.0000000000
0.6250579646 0.4993020538 1.0000000000
0.9418443636 -0.3360493932 0.0000000000
-0.9379439698 -0.3467868358 0.0000000000
0.5375645096 0.5924731201 1.0000000000
-0.4286614360 0.6754623404 1.0000000000
0.9812009126 -0.1929890389 0.0000000000
0.1536129996 -0.9881310876 0.0000000000
-0.4049965204 -0.9143182260 0.0000000000
0.8922994824 0.4514439430 0.0000000000
0.7675943789 0.2253860455 1.0000000000
-0.5509598201 0.5800373063 1.0000000000
-0.7882830687 -0.1364177541 1.0000000000
0.7725431948 -0.2077907895 1.0000000000
0.3521386729 0.9359478378 0.0000000000
0.4666673232 0.8844329310 0.0000000000
-0.7849607301 -0.1543912311 1.0000000000
0.0045695645 -0.7999869493 1.0000000000
0.4565333534 0.8897062983 0.0000000000
-0.3733338586 0.7075463448 1.0000000000
0.3156201387 -0.7351081064 1.0000000000
0.7471369351 -0.2859832166 1.0000000000
-0.8870840860 -0.4616078687 0.0000000000
0.1985904666 0.9800825611 0.0000000000
0.1196642739 0.9928144145 0.0000000000
-0.5442976818 0.5862934705 1.0000000000
0.7289686274 0.6845471059 0.0000000000
-0.5028642118 0.6221957767 1.0000000000
0.0855750085 0.9963317309 0.0000000000
0.3973588526 -0.6943384926 1.0000000000
-0.4966985657 0.8679231157 0.0000000000
-0.5307611820 0.5985754486 1.0000000000
-0.7911939188 0.1183730662 1.0000000000
-0.7999477977 -0.0091389798 1.0000000000
-0.7131392295 0.7010224243 0.0000000000
0.6778998164 0.4247962322 1.0000000000
-0.4363497605 -0.6705213543 1.0000000000
0.4966985657 0.8679231157 0.0000000000
-0.3813923122 0.7032353121 1.0000000000
0.5375645096 -0.5924731201 1.0000000000
0.0866518614 0.7952933138 1.0000000000
-0.4049965204 0.9143182260 0.0000000000
-0.1228903997 0.7905048701 1.0000000000
-0.5705113836 0.5608179394 1.0000000000
0.8000000000 0.0000000000 1.0000000000
0.8817529199 0.4717115519 0.0000000000
-0.0684600068 -0.7970653847 1.0000000000
0.8650718368 -0.5016480012 0.0000000000
-0.7974434224 0.0639060879 1.0000000000
0.5358267950 -0.8443279255 0.0000000000
-0.7519967101 0.6591668590 0.0000000000
-0.6461845272 0.7631812083 0.0000000000
-0.2872085421 0.9578680772 0.0000000000
-0.6730028263 0.4325126540 1.0000000000
-0.7179187430 0.3529768810 1.0000000000
-0.3628077054 0.9318640292 0.0000000000
0.4812492478 0.6390611563 1.0000000000
-0.0228448406 0.7996737543 1.0000000000
0.9976517906 -0.0684901795 0.0000000000
0.5644432189 -0.8254718970 0.0000000000
-0.6363018567 0.4848916860 1.0000000000
0.8156789007 0.5785049101 0.0000000000
-0.8922994824 0.4514439430 0.0000000000
0.4360880035 0.8999040244 0.0000000000
-0.6193132885 0.5064099630 1.0000000000
0.7289686274 -0.6845471059 0.0000000000
-0.1761477082 -0.9843637462 0.0000000000
-0.7179187430 -0.3529768810 1.0000000000
-0.3239972163 0.7314545808 1.0000000000
0.8592846997 -0.5114976098 0.0000000000
0.3488704028 0.7199232196 1.0000000000
-0.9740119169 -0.2264967674 0.0000000000
0.9989561243 0.0456799918 0.0000000000
0.4957236051 0.6278997590 1.0000000000
0.7675943789 -0.2253860455 1.0000000000
-0.6680180054 0.4401726303 1.0000000000
-0.7981214325 0.0547921436 1.0000000000
0.9023802593 0.4309406776 0.0000000000
0.5454372006 -0.8381516928 0.0000000000
0.3323320104 0.7277055963 1.0000000000
0.7936917611 -0.1002665869 1.0000000000
-0.4867512399 0.8735406290 0.0000000000
0.7257954593 -0.3364832110 1.0000000000
0.9713609231 0.2376088320 0.0000000000
0.5923967327 0.8056463933 0.0000000000
-0.4767403903 -0.8790441401 0.0000000000
0.0057119556 -0.9999836866 0.0000000000
-0.7332933061 0.3198138948 1.0000000000
-0.5261464609 0.8503939685 0.0000000000
-0.2762473796 0.9610865649 0.0000000000
0.3090169944 -0.9510565163 0.0000000000
-0.6803721023 0.7328668382 0.0000000000
-0.0502324156 -0.7984213827 1.0000000000
-0.5549764235 -0.8318660765 0.0000000000
0.6965968617 -0.3933863397 1.0000000000
0.4463398034 -0.8948635538 0.0000000000
0.7211009824 -0.6928299743 0.0000000000
-0.2652501652 0.9641796253 0.0000000000
-0.7831457862 0.1633483320 1.0000000000
0.0957314191 -0.7942515316 1.0000000000
-0.9023802593 0.4309406776 0.0000000000
0.9853538358 -0.1705221926 0.0000000000
0.9297764859 -0.3681245527 0.0000000000
-0.6886997751 0.7250466328 0.0000000000
0.9999347471 0.0114237248 0.0000000000
0.1196642739 -0.9928144145 0.0000000000
-0.7831457862 -0.1633483320 1.0000000000
0.9072443241 0.4206040137 0.0000000000
-0.7936917611 0.1002665869 1.0000000000
0.6363018567 -0.4848916860 1.0000000000
0.4515545751 0.6603775176 1.0000000000
-0.9872375373 -0.1592546545 0.0000000000
0.4286614360 -0.6754623404 1.0000000000
-0.7675943789 0.2253860455 1.0000000000
